0.0192869 0.0536246  0.962008
0.0243062 0.0517117  0.965345
0.0293266  0.049799  0.968682
 0.176351 0.0303712  0.971441
    0.37796 -0.00532225    0.973485
  0.601288 -0.0560293    0.97493
 0.835187 -0.120497  0.975988
  1.06966 -0.197473  0.976852
  1.30413 -0.285699   0.97765
  1.53861 -0.368314  0.978441
  1.77308 -0.439675  0.979245
  2.00755 -0.498527  0.980066
  2.24203 -0.543615  0.980902
   2.4765 -0.573684  0.981747
  2.71098 -0.587477  0.982596
 2.94545 -0.58374 0.983445
  3.17992 -0.561218  0.984292
   3.4144 -0.518655  0.985135
  3.65298 -0.454792  0.985975
  3.89495 -0.370495  0.986807
  4.13865 -0.269849   0.98763
  4.38297 -0.160501  0.988439
  4.62723 -0.048171  0.989235
  4.86984 0.0726749  0.990016
 5.11138 0.206897 0.990779
 5.34285 0.357363 0.991513
 5.56174 0.510202 0.992216
 5.77804  0.66304 0.992893
 5.99434 0.815879  0.99356
 6.21064 0.968717 0.994227
 6.42694  1.11793 0.994883
 6.63578   1.2535 0.995485
 6.82714  1.35818 0.995986
 6.97613  1.38381 0.996374
 7.08572  1.40814 0.996742
