0.0229095 0.0624763   1.07389
0.0262785 0.0576673   1.06877
 0.029261 0.0523868    1.0633
 0.15725 0.128218   1.0588
0.333376 0.244785  1.05541
0.528881 0.378265  1.05274
0.733762 0.518656   1.0504
0.938648 0.659049  1.04824
 1.14353 0.799439  1.04631
 1.34842 0.939826  1.04465
 1.5533 1.08021 1.04317
1.75818  1.2206 1.04171
1.96307 1.36099 1.04016
2.16795 1.50138 1.03853
2.37284 1.64176 1.03688
2.57773 1.78215 1.03524
2.78261 1.92254 1.03362
2.98957 2.06293 1.03198
 3.2086 2.20239 1.03034
3.44645  2.3311 1.02871
3.69958 2.44385 1.02709
3.96307 2.53433 1.02549
4.22798 2.59185 1.02391
4.48791 2.61209 1.02234
4.74542 2.59768 1.02081
5.00292 2.55536 1.01932
5.26043 2.49187 1.01789
5.51794 2.41393  1.0165
5.77545 2.34827 1.01509
6.03155 2.30163 1.01366
6.27623 2.28073 1.01229
6.49667 2.29231 1.01113
 6.6558 2.34309 1.01023
6.78287 2.39198 1.00938
