0.0489391 0.00652417 1.00338
0.0499591 0.00572218    1.00765
0.0509801 0.00492035    1.01193
0.200749 -0.0121976    1.01446
0.407672 -0.0445766    1.01522
0.637277 -0.0911647    1.01499
0.877775 -0.150912   1.01457
1.11917 -0.22277  1.01434
1.36056 -0.305682   1.01431
1.60194 -0.384202   1.01429
1.84333 -0.451666   1.01418
2.08471 -0.507021   1.01394
2.3261 -0.549214   1.01365
2.56748 -0.577192   1.01334
2.80886 -0.589902   1.01301
3.05024 -0.586293   1.01265
3.29162 -0.565316   1.01225
3.53301 -0.525923   1.01182
3.77756 -0.467068   1.01137
4.02503 -0.389204    1.0109
4.27362 -0.29535  1.01042
4.52266 -0.190282   1.00991
4.77172 -0.0821784    1.00939
5.01999 0.0287002   1.00886
5.26317 0.148027  1.00833
5.50136 0.277678  1.00781
5.72919 0.41803 1.00729
5.95665 0.559082  1.00676
6.18411 0.700133   1.0062
6.41156 0.837827  1.00564
6.63221 0.962158  1.00511
6.83604  1.0564 1.00465
6.99947 1.07951 1.00429
7.12799 1.10169 1.00394


8.81143 1.35001 1.01223
8.80954 1.35056 1.00966
8.80841 1.35075 1.00738
8.81718 1.20987 1.00613
8.83555  1.0147 1.00544
  8.8571 0.797851  1.00549
 8.86851 0.570561  1.00512
 8.86977 0.342701  1.00461
8.86093 0.11488 1.00445
  8.84172 -0.113017   1.00411
   8.8121 -0.340939   1.00395
  8.77193 -0.568764   1.00387
  8.72121 -0.796481   1.00369
8.65999 -1.0242 1.00352
 8.58815 -1.25194  1.00338
 8.50584 -1.47975  1.00323
 8.41317 -1.70762  1.00308
 8.31289 -1.93554  1.00295
 8.21231 -2.16343  1.00281
 8.11193 -2.39124  1.00268
 8.01153 -2.61908  1.00255
 7.91107 -2.84689  1.00243
 7.81051 -3.07463   1.0023
 7.71006 -3.30235  1.00219
 7.60977 -3.53018  1.00207
  7.5094 -3.75811  1.00196
  7.4177 -3.98604  1.00186
 7.33635 -4.21396  1.00175
 7.26527 -4.44192  1.00165
 7.20399 -4.66993  1.00157
 7.15299 -4.89794  1.00147
 7.09554 -5.12344  1.00134
 7.03722 -5.33633  1.00128
 6.98688 -5.52157  1.00122
 6.93957 -5.70505  1.00116


 6.06149 -9.21476   1.0522
 6.05844 -9.20978  1.04858
 6.05583 -9.20495  1.04489
 6.10406 -9.06627  1.04205
 6.18804 -8.87612  1.04008
 6.29268 -8.66542  1.03864
 6.40755 -8.44454  1.03735
 6.52263 -8.22347  1.03607
 6.63771 -8.00241  1.03481
  6.7528 -7.78134  1.03369
 6.86789 -7.56027  1.03275
 6.98297 -7.33919  1.03194
 7.09805 -7.11812  1.03116
 7.21313 -6.89704  1.03032
 7.32821 -6.67596  1.02943
 7.43752 -6.45489  1.02852
 7.53106 -6.23381   1.0276
 7.59375 -6.00305  1.02669
 7.61316 -5.76517  1.02578
 7.58196 -5.51968  1.02486
 7.50389 -5.27182  1.02393
 7.39204 -5.02521    1.023
 7.25988 -4.78526  1.02207
 7.11415 -4.55546  1.02115
 6.96487 -4.32584  1.02022
 6.81558 -4.09621  1.01931
 6.66631 -3.86658  1.01839
 6.51703 -3.63695  1.01749
 6.36774 -3.40732   1.0166
 6.21845 -3.17769  1.01572
 6.06965 -2.94806  1.01485
 5.93134 -2.71433    1.014
  5.8145 -2.46649  1.01316
5.74887 -2.1927 1.01234
  5.7669 -1.89458  1.01156
 5.87132 -1.58124  1.01079
 6.04139 -1.26951  1.01004
  6.27139 -0.984185   1.00927
  6.54172 -0.740906    1.0085
  6.81042 -0.543218   1.00777
  7.01385 -0.369925   1.00715
  7.03147 -0.224217   1.00667
   7.04514 -0.0833069     1.0062
