-0.997126  -4.11632   1.00746
-0.948044  -4.03427   1.00595
-0.898961  -3.95222   1.00445
-0.794038  -3.82594   1.00731
-0.666921  -3.68158   1.01034
-0.529073  -3.52915   1.01041
-0.390492  -3.37671   1.00883
-0.251912  -3.22427   1.00791
-0.11333 -3.07183  1.00788
0.0252515   -2.9194   1.00788
0.163833 -2.76696  1.00751
0.302413 -2.61452  1.00694
0.440993 -2.46209  1.00637
0.579574 -2.30965  1.00583
0.720209 -2.15721   1.0053
0.872899 -2.00478  1.00475
 1.05175 -1.85994  1.00418
 1.26835 -1.73832  1.00359
 1.51489 -1.67461  1.00295
 1.77481 -1.68624  1.00219
 2.01273 -1.76328  1.00138
 2.18584 -1.82981  1.00085
 2.18653 -1.82992  1.00085
 2.18722 -1.83002  1.00085