0.0489391 0.00652417 1.00338
0.0499591 0.00572218    1.00765
0.0509801 0.00492035    1.01193
0.200749 -0.0121976    1.01446
0.407672 -0.0445766    1.01522
0.637277 -0.0911647    1.01499
0.877775 -0.150912   1.01457
1.11917 -0.22277  1.01434
1.36056 -0.305682   1.01431
1.60194 -0.384202   1.01429
1.84333 -0.451666   1.01418
2.08471 -0.507021   1.01394
2.3261 -0.549214   1.01365
2.56748 -0.577192   1.01334
2.80886 -0.589902   1.01301
3.05024 -0.586293   1.01265
3.29162 -0.565316   1.01225
3.53301 -0.525923   1.01182
3.77756 -0.467068   1.01137
4.02503 -0.389204    1.0109
4.27362 -0.29535  1.01042
4.52266 -0.190282   1.00991
4.77172 -0.0821784    1.00939
5.01999 0.0287002   1.00886
5.26317 0.148027  1.00833
5.50136 0.277678  1.00781
5.72919 0.41803 1.00729
5.95665 0.559082  1.00676
6.18411 0.700133   1.0062
6.41156 0.837827  1.00564
6.63221 0.962158  1.00511
6.83604  1.0564 1.00465
6.99947 1.07951 1.00429
7.12799 1.10169 1.00394