0.0602091 0.0110043   1.03238
 0.0603509 0.00845401    1.03056
 0.0608447 0.00581737    1.02768
  0.209961 -0.0189581    1.02506
  0.416187 -0.0636052     1.0231
  0.64508 -0.125852   1.02169
 0.884861 -0.203429   1.02059
  1.12553 -0.294068   1.01962
  1.36619 -0.395513   1.01871
  1.60685 -0.497766   1.01788
   1.8475 -0.595356   1.01713
  2.08815 -0.680693   1.01642
   2.3288 -0.751521   1.01572
  2.56945 -0.805587     1.015
  2.81011 -0.840633   1.01425
  3.05077 -0.854398   1.01351
  3.29145 -0.844625   1.01278
  3.53416 -0.809062   1.01207
 3.78696 -0.74655  1.01137
  4.04663 -0.659695   1.01067
  4.30929 -0.555844   1.00999
  4.57256 -0.441958   1.00932
  4.83475 -0.317519   1.00868
  5.08813 -0.175622   1.00805
   5.32834 -0.0132441    1.00743
  5.5501 0.176019  1.00681
 5.74944 0.386742  1.00621
 5.92872 0.609762  1.00568
 6.09798 0.835079  1.00524
 6.2724 1.05404 1.00486
6.46199 1.25665 1.00446
 6.6871 1.42018 1.00393
7.00359 1.48284 1.00326
7.24832  1.5403 1.00265
