0.0299793 0.00391013    1.02832
 0.0326622 0.00195063    1.02611
   0.0353463 -8.58906e-06      1.02391
  0.183068 -0.0238536    1.02229
  0.386531 -0.0674355    1.02127
 0.612147 -0.128603    1.0206
 0.848479 -0.205204   1.02001
 1.08553 -0.29509  1.01939
  1.32258 -0.396107   1.01875
 1.55963 -0.49826  1.01816
  1.79668 -0.597225   1.01767
  2.03373 -0.684039   1.01725
  2.27078 -0.756544   1.01686
  2.50783 -0.812585   1.01645
  2.74488 -0.850009   1.01601
 2.98193 -0.86666  1.01554
  3.21897 -0.860388   1.01508
  3.45602 -0.829042   1.01462
  3.70046 -0.770473   1.01416
  3.95435 -0.685146    1.0137
  4.21425 -0.579888   1.01323
  4.47627 -0.463101   1.01276
  4.73853 -0.338818   1.01229
  5.00145 -0.201664   1.01182
   5.25229 -0.0449108    1.01135
  5.4855 0.139306  1.01088
 5.69511 0.344924  1.01043
 5.88638 0.561977  1.00997
 6.06932 0.780468  1.00951
 6.25225 0.998959  1.00903
6.43519  1.2101 1.00853
6.61812 1.40388 1.00806
6.80106  1.5556 1.00766
6.99227  1.5985 1.00732
7.17134 1.64098   1.007
