6.36608 0.810968  1.01822
 6.40115 0.836392  1.02091
 6.43622 0.861817  1.02359
 6.53588 0.967197  1.01871
6.66115 1.10382 1.00931
6.79829 1.25419 1.00145
 6.93729   1.4083 0.998528
  7.0763  1.56241 0.999611
 7.2153 1.71652 1.00168
7.35431 1.87064 1.00264
7.49331 2.02475 1.00244
 7.6323 2.17886 1.00199
 7.7713 2.33298 1.00184
 7.9103 2.48709 1.00192
 8.0493  2.6412 1.00199
8.18831 2.79634 1.00198
8.32731 2.96251 1.00194
8.45705 3.15176 1.00192
8.57089 3.36041 1.00192
8.67884 3.57848 1.00191
8.78679 3.79654  1.0019
8.89789  4.0146 1.00189
9.02215 4.23267 1.00188
9.17587 4.45347 1.00187
9.36273 4.65182 1.00186
9.59154 4.80967 1.00185
9.86823 4.87155 1.00184
10.1799 4.76009 1.00183
10.4515 4.51603 1.00176
10.6602 4.19321 1.00159
10.7962 3.88075 1.00136
10.8746 3.64888 1.00119
10.8747  3.6484 1.00119
10.8748 3.64792 1.00119
