4.61707 -3.04153  1.02416
 4.53008 -3.06791  1.03163
4.44273 -3.0966 1.03949
 4.27047 -3.19039  1.04283
 4.06512 -3.31216  1.04061
 3.8454 -3.4466 1.03447
 3.62131 -3.58371  1.02728
 3.39723 -3.72081  1.02167
 3.17314 -3.85791  1.01882
 2.94906 -3.99501  1.01827
 2.72448 -4.13212  1.01862
 2.48939 -4.26922  1.01859
  2.2328 -4.39839  1.01778
 1.96224 -4.51893  1.01651
 1.68538 -4.63412  1.01527
 1.40913 -4.74457  1.01431
  1.1407 -4.84463  1.01352
0.872267 -4.93293  1.01272
0.603838 -5.00803  1.01186
0.335409 -5.06851  1.01103
0.0669784  -5.11292   1.01028
-0.201452  -5.13983   1.00958
-0.469882  -5.14781   1.00881
-0.738314  -5.13542    1.0079
-1.00675 -5.10122  1.00686
-1.27518 -5.04379  1.00578
-1.54361 -4.96168   1.0048
-1.81934 -4.85348    1.004
-2.11239 -4.70953  1.00341
-2.43552  -4.4951  1.00298
 -2.7893 -4.16662  1.00263
-3.12698 -3.69976  1.00229
-3.39906 -3.21593  1.00194
-3.59693 -3.22121   1.0016
-3.78814 -3.22633  1.00125
