  -0.648601 -0.00379273     1.03307
 -0.628611 -0.0141641     1.0407
 -0.619577 -0.0227617    1.01367
  -0.75052 -0.0401616   0.994884
  -0.93529 -0.0661507   0.985848
 -1.14152 -0.101398  0.983842
 -1.35824 -0.143818  0.989409
 -1.57546 -0.177084  0.995037
 -1.79261 -0.206259   1.00451
 -2.00973 -0.225463   1.01107
 -2.22697 -0.237065   1.01579
 -2.44437 -0.251899   1.01819
 -2.66179 -0.256916   1.01957
 -2.87914 -0.251849   1.01821
 -3.09651 -0.236513    1.0152
   -3.314 -0.210786    1.0124
 -3.53152 -0.174341   1.01048
   -3.749 -0.126938   1.01003
   -3.9665 -0.0683424    1.00977
  -4.18406 0.00159796    1.00955
 -4.40167 0.0829365   1.00897
-4.61934 0.175474  1.00834
-4.83692 0.277233  1.00782
-5.05417 0.379544  1.00734
-5.27154  0.48189  1.00689
 -5.4889 0.584179   1.0064
-5.70614 0.686437   1.0059
-5.92333 0.788552  1.00544
-6.14056 0.890485  1.00507
-6.35788 0.991317  1.00481
-6.57528  1.08099  1.00459
-6.79243  1.15747  1.00426
-6.99934   1.2184  1.00368
-7.18561  1.26145    1.003
-7.32027   1.2842  1.00255
-7.32079  1.28429  1.00255
-7.32132  1.28439  1.00255
