   0.0586577 -0.000810413     0.843717
  0.0586142 0.000495663    0.857392
 0.0569836 0.00106091   0.873714
  0.200604 -0.0163969   0.887826
  0.400046 -0.0505435   0.898398
 0.621666 -0.100045  0.905928
 0.854012 -0.163569  0.911409
  1.08709 -0.239781   0.91567
  1.32016 -0.327337  0.919256
  1.55324 -0.418281  0.922541
  1.78631 -0.497885  0.925808
  2.01938 -0.564818  0.929251
 2.25244 -0.61772 0.932919
  2.48551 -0.655262  0.936703
  2.71857 -0.676078   0.94042
 2.95164 -0.67883 0.943963
   3.1847 -0.662168  0.947371
  3.41896 -0.624752  0.950746
  3.65972 -0.565844  0.954127
  3.90546 -0.486714  0.957464
  4.15415 -0.390836  0.960681
  4.40382 -0.283895  0.963746
  4.65584 -0.168747  0.966686
  4.90227 -0.042287  0.969562
  5.13754 0.0962188  0.972428
  5.3585 0.248222 0.975257
 5.56515 0.412467 0.977883
 5.76131 0.581514 0.980064
 5.95697 0.750562 0.981699
 6.16138 0.917746 0.983065
 6.38454  1.07307 0.984832
 6.65398   1.2028 0.987671
 7.04344  1.26761 0.991493
 7.29994  1.32011 0.994523
