0 6.92341e-310 6.92341e-310 4.65435e-310
0 4.65435e-310          3.3          0.3
0      1.01256 6.92322e-310          3.3
0          0.1      1.01256 6.92322e-310
0     3.3     0.2 1.01256
0 6.92322e-310          3.2          0.3
0      1.01256 6.92322e-310          3.3
0          0.4      1.01256 6.92322e-310
0     3.2     0.4 1.01256
0 6.92322e-310          3.4          0.3
0      1.01256 6.92322e-310          3.5
0          0.1      1.01256 6.92322e-310
0     3.4     0.1 1.01256
0 6.92322e-310          3.5          0.2
0      1.01256 6.92322e-310          3.5
0          0.4      1.01256 6.92322e-310
0     3.4     0.4 1.01256
0 6.92322e-310          3.4          0.2
0      1.01256 6.92322e-310          3.6
0          0.3      1.01256 6.92322e-310
0     3.4     0.5 1.01256
0 6.92322e-310          3.2          0.7
0      1.01256 6.92322e-310          3.2
0          0.6      1.01256 6.92322e-310
0     3.2     0.5 1.01256
0 6.92322e-310          3.3          0.5
0      1.01256 6.92322e-310          3.3
0          0.6      1.01256 6.92322e-310
0     3.3     0.7 1.01256
0 6.92322e-310          3.2          0.8
0      1.01256 6.92322e-310          3.3
0          0.8      1.01256 6.92322e-310
0     3.4     0.6 1.01256
0 6.92322e-310          3.4          0.7
1     3.2     1.5 1.01256
1     3.2     1.5 1.01256
1     3.2     1.5 1.01256
1     3.2     1.5 1.01256
1     3.2     1.5 1.01256
1     3.2     1.5 1.01256
1     3.2     1.5 1.01256
1     3.3     1.7 1.01256
1     3.3     1.7 1.01256
1     3.3     1.7 1.01256
1     3.3     1.7 1.01256
1     3.3     1.7 1.01256
0      1.01256 6.92322e-310          3.7
0          0.1      1.01256 6.92322e-310
0     3.7     0.2 1.01256
0 6.92322e-310          3.7          0.3
0      1.01256 6.92322e-310          3.6
0          0.4      1.01256 6.92322e-310
0     3.7     0.4 1.01256
0 6.92322e-310          3.8          0.4
0      1.01256 6.92322e-310          3.8
0          0.2      1.01256 6.92322e-310
0     3.8     0.1 1.01256
0 6.92322e-310          3.9          0.1
0      1.01256 6.92322e-310          3.9
0          0.2      1.01256 6.92322e-310
0     3.9     0.3 1.01256
0 6.92322e-310          3.8          0.3
0      1.01256 6.92322e-310          3.8
0          0.5      1.01256 6.92322e-310
0     3.7     0.8 1.01256
0 6.92322e-310          3.7          0.5
0      1.01256 6.92322e-310          3.6
0          0.6      1.01256 6.92322e-310
0     3.6     0.5 1.01256
0 6.92322e-310          3.7          0.6
0      1.01256 6.92322e-310          3.7
0          0.7      1.01256 6.92322e-310
0     3.6     0.8 1.01256
0 6.92322e-310          3.6          0.9
0      1.01256 6.92322e-310          3.7
0          0.9      1.01256 6.92322e-310
0     3.8     0.7 1.01256
0 6.92322e-310          3.9          0.6
0      1.01256 6.92322e-310          3.8
0          0.6      1.01256 6.92322e-310
0     3.9     0.5 1.01256
0 6.92322e-310          3.9          0.7
0      1.01256 6.92322e-310          3.8
0          0.9      1.01256 6.92322e-310
0     3.8     0.8 1.01256
0 6.92322e-310          3.9          0.8
0      1.01256 6.92322e-310          3.5
