0 6.92341e-310 6.92341e-310 4.65435e-310
0 4.65435e-310 4.65435e-310 4.44659e-323
0 3.16202e-322 3.16202e-322 4.65435e-310
0 -2.75918  1.00511        0
0 4.65435e-310 4.94066e-323 6.32404e-322
0 3.16202e-322 4.65435e-310     -2.75918
0      1.00511            0 4.65435e-310
0 5.43472e-323 9.48606e-322 3.16202e-322
0 4.65435e-310     -2.75918      1.00511
0            0            0 5.92879e-323
0      1.00511  3.9214e-320 4.65435e-310
0 6.92341e-310            0            0
1   3.3183 -2.84453   1.0039
1   3.3183 -2.84453   1.0039
1   3.3183 -2.84453   1.0039
1   3.3183 -2.84453   1.0039
1   3.3183 -2.84453   1.0039
1   3.3183 -2.84453   1.0039
1   3.3183 -2.84453   1.0039
1   3.3183 -2.84453   1.0039
1   3.3183 -2.84453   1.0039
1   3.3183 -2.84453   1.0039
1   3.3183 -2.84453   1.0039
1   3.3183 -2.84453   1.0039
1   3.3183 -2.84453   1.0039
1   3.3183 -2.84453   1.0039
0 9.48606e-322 3.16202e-322 4.65435e-310
0 -2.95918  1.00511        0
0            0 4.94066e-323      1.00511
0 3.70006e-320 4.65435e-310 6.92341e-310
0            0            0 4.65435e-310
0 3.95253e-323 3.16202e-322 3.16202e-322
0 4.65435e-310     -2.75918      1.00511
0 4.65435e-310 4.65435e-310 4.44659e-323
0 6.32404e-322 3.16202e-322 4.65435e-310
0 -2.85918  1.00511        0
0 4.65435e-310 4.94066e-323 9.48606e-322
0 3.16202e-322 4.65435e-310     -2.75918
0      1.00511            0 4.65435e-310
0 5.43472e-323 1.26481e-321 3.16202e-322
0 4.65435e-310     -2.85918      1.00511
0 4.65435e-310 4.65435e-310 5.92879e-323
1   2.1183 -3.74453   1.0039
1   2.1183 -3.74453   1.0039
1   2.1183 -3.74453   1.0039
1   2.1183 -3.74453   1.0039
1   2.1183 -3.74453   1.0039
1   2.1183 -3.74453   1.0039
1   2.1183 -3.74453   1.0039
1   2.1183 -3.74453   1.0039
1   2.1183 -3.74453   1.0039
1   2.1183 -3.74453   1.0039
1   2.1183 -3.74453   1.0039
1   2.1183 -3.74453   1.0039
1   2.1183 -3.74453   1.0039
1   2.1183 -3.74453   1.0039
1   2.0183 -3.84453   1.0039
1   2.0183 -3.84453   1.0039
1   2.0183 -3.84453   1.0039
1   2.0183 -3.84453   1.0039
1   2.0183 -3.84453   1.0039
1   2.0183 -3.84453   1.0039
0            0            0 4.65435e-310
0 5.43472e-323 3.16202e-322 3.16202e-322
0 4.65435e-310     -2.75918      1.00511
0 4.65435e-310            0 5.92879e-323
0 6.32404e-322 3.16202e-322 4.65435e-310
0 -2.75918  1.00511        0
0            0 6.42285e-323      1.00511
0 3.22575e-320 4.65435e-310 4.65435e-310
0            0            0 4.65435e-310
0 9.88131e-324 3.16202e-322 3.16202e-322
0 4.65435e-310     -2.15918      1.00511
0 4.65435e-310 4.65435e-310  1.4822e-323
0 6.32404e-322 3.16202e-322 4.65435e-310
0     -2.35918      1.00511 4.65435e-310
0 4.65435e-310 1.97626e-323 9.48606e-322
0 3.16202e-322 4.65435e-310     -2.45918
0      1.00511            0 4.65435e-310
0 2.47033e-323 1.26481e-321 3.16202e-322
0 4.65435e-310     -2.55918      1.00511
0 4.65435e-310 4.65435e-310 2.96439e-323
0 1.58101e-321 3.16202e-322 4.65435e-310
0     -2.55918      1.00511 4.65435e-310
0 4.65435e-310 3.45846e-323 1.89721e-321
0 3.16202e-322 4.65435e-310     -2.65918
0      1.00511            0 4.65435e-310
0 3.95253e-323 2.21341e-321 3.16202e-322
0 4.65435e-310     -2.65918      1.00511
0 4.65435e-310 4.65435e-310 4.44659e-323
0 2.52962e-321 3.16202e-322 4.65435e-310
0 -2.65918  1.00511        0
0 4.65435e-310 4.94066e-323 2.84582e-321
0 3.16202e-322 4.65435e-310     -2.65918
0      1.00511            0 4.65435e-310
0 5.43472e-323 3.16202e-321 3.16202e-322
0 4.65435e-310     -2.55918      1.00511
0            0            0 5.92879e-323
0      1.00511 2.87793e-320 4.65435e-310
0 6.92341e-310            0            0
0 4.65435e-310 4.94066e-323 3.16202e-322
0 3.16202e-322 4.65435e-310     -2.65918
0 1.00511       0       0
0 5.43472e-323      1.00511 2.81469e-320
0 4.65435e-310 4.65435e-310            0
0            0 4.65435e-310 3.95253e-323
0 3.16202e-322 3.16202e-322 4.65435e-310
0     -2.55918      1.00511 4.65435e-310
0 4.65435e-310 4.44659e-323 6.32404e-322
0 3.16202e-322 4.65435e-310     -2.45918
0      1.00511 4.65435e-310 4.65435e-310
0 4.94066e-323 9.48606e-322 3.16202e-322
0 4.65435e-310     -2.55918      1.00511
0            0            0 5.43472e-323
0      1.00511 2.68821e-320 4.65435e-310
0 6.92341e-310            0            0
0            0 5.43472e-323      1.00511
0 2.65659e-320 4.65435e-310 4.65435e-310
0 0 0 0
0 4.94066e-323 3.16202e-322 3.16202e-322
0 4.65435e-310     -2.55918      1.00511
0            0            0 5.43472e-323
0      1.00511 2.59335e-320 4.65435e-310
0 4.65435e-310            0            0
0 4.65435e-310 3.45846e-323 3.16202e-322
0 3.16202e-322 4.65435e-310     -2.65918
0      1.00511            0 4.65435e-310
0 3.95253e-323 6.32404e-322 3.16202e-322
0 4.65435e-310     -2.65918      1.00511
0 4.65435e-310 4.65435e-310 4.44659e-323
0 9.48606e-322 3.16202e-322 4.65435e-310
0     -2.55918      1.00511 4.65435e-310
0 4.65435e-310 4.94066e-323 1.26481e-321
0 3.16202e-322 4.65435e-310     -2.65918
0 1.00511       0       0
0 5.43472e-323      1.00511 2.43525e-320
0 4.65435e-310 6.92341e-310            0
0            0            0 5.43472e-323
0      1.00511 2.40363e-320 4.65435e-310
0 4.65435e-310            0            0
0            0 4.94066e-323 3.16202e-322
0 3.16202e-322 4.65435e-310     -2.65918
0 1.00511       0       0
0 5.43472e-323      1.00511 2.34039e-320
0 4.65435e-310 4.65435e-310            0
0            0 4.65435e-310 3.95253e-323
0 3.16202e-322 3.16202e-322 4.65435e-310
1  -2.1817 -3.94453   1.0039
1  -2.1817 -3.94453   1.0039
0 3.16202e-322 4.65435e-310     -2.45918
0      1.00511            0 4.65435e-310
0 4.94066e-323 9.48606e-322 3.16202e-322
0 4.65435e-310     -2.45918      1.00511
0            0            0 5.43472e-323
0      1.00511 2.21391e-320 4.65435e-310
0 6.92341e-310            0            0
0 4.65435e-310 4.94066e-323 3.16202e-322
0 3.16202e-322 4.65435e-310     -2.55918
0 1.00511       0       0
0 5.43472e-323      1.00511 2.15067e-320
0 4.65435e-310 6.92341e-310            0
0            0 4.65435e-310 5.43472e-323
0 3.16202e-322 3.16202e-322 4.65435e-310
0 -2.35918  1.00511        0
0            0 5.92879e-323      1.00511
0 2.08743e-320 4.65435e-310 4.65435e-310
0            0            0 4.65435e-310
0 2.47033e-323 3.16202e-322 3.16202e-322
0 4.65435e-310     -2.05918      1.00511
0 4.65435e-310 4.65435e-310 2.96439e-323
0 6.32404e-322 3.16202e-322 4.65435e-310
0     -2.25918      1.00511 4.65435e-310
0 4.65435e-310 3.45846e-323 9.48606e-322
0 3.16202e-322 4.65435e-310     -2.35918
0      1.00511            0 4.65435e-310
0 3.95253e-323 1.26481e-321 3.16202e-322
0 4.65435e-310     -2.25918      1.00511
0 4.65435e-310 4.65435e-310 4.44659e-323
0 1.58101e-321 3.16202e-322 4.65435e-310
0 -2.35918  1.00511        0
0 4.65435e-310 4.94066e-323 1.89721e-321
