0 6.93587e-310 6.93587e-310  4.6455e-310
0 4.6455e-310    0.965345           0
0      3.4  1.41486 0.965345
0       0     3.4 1.51486
0 0.965345        0      3.4
0  1.61486 0.965345        0
0      3.4  1.71486 0.965345
0       0     3.4 1.81486
0 0.965345        0      3.4
0  1.91486 0.965345        0
0      3.4  2.01486 0.965345
0        0      3.5 0.314857
0 0.965345        0      3.5
0 0.414857 0.965345        0
0      3.5 0.514857 0.965345
0        0      3.5 0.614857
0 0.965345        0      3.5
0 0.714857 0.965345        0
0      3.5 0.814857 0.965345
0        0      3.5 0.914857
0 0.965345        0      3.5
0  1.01486 0.965345        0
0      3.5  1.11486 0.965345
0       0     3.5 1.21486
0 0.965345        0      3.5
0  1.31486 0.965345        0
0      3.5  1.41486 0.965345
0       0     3.5 1.51486
0 0.965345        0      3.5
0  1.61486 0.965345        0
0      3.5  1.71486 0.965345
0       0     3.5 1.81486
0 0.965345        0      3.5
0  1.91486 0.965345        0
0      3.5  2.01486 0.965345
0        0      3.6 0.314857
0 0.965345        0      3.6
0 0.414857 0.965345        0
1      3.3 0.314857 0.965345
1      3.3 0.314857 0.965345
1      3.3 0.314857 0.965345
1      3.3 0.314857 0.965345
1      3.3 0.314857 0.965345
1      3.3 0.314857 0.965345
1      3.4 0.314857 0.965345
1      3.5 0.314857 0.965345
1      3.6 0.314857 0.965345
1      3.7 0.314857 0.965345
1      3.7 0.314857 0.965345
1      3.8 0.314857 0.965345
1      3.9 0.314857 0.965345
1        4 0.314857 0.965345
1      4.1 0.314857 0.965345
1      4.2 0.314857 0.965345
1      4.3 0.314857 0.965345
1      4.4 0.314857 0.965345
1      4.5 0.314857 0.965345
1      4.5 0.314857 0.965345
1      4.6 0.314857 0.965345
1      4.7 0.314857 0.965345
1      4.8 0.314857 0.965345
1      4.9 0.314857 0.965345
1        5 0.314857 0.965345
1      5.1 0.314857 0.965345
0 0.965345        0      3.7
0 0.714857 0.965345        0
0      3.7 0.814857 0.965345
0        0      3.7 0.914857
0 0.965345        0      3.7
0  1.01486 0.965345        0
0      3.7  1.11486 0.965345
0       0     3.7 1.21486
0 0.965345        0      3.7
0  1.31486 0.965345        0
0      3.7  1.41486 0.965345
0       0     3.7 1.51486
0 0.965345        0      3.7
0  1.61486 0.965345        0
0      3.7  1.71486 0.965345
0       0     3.7 1.81486
0 0.965345        0      3.7
0  1.91486 0.965345        0
0      3.7  2.01486 0.965345
0        0      3.8 0.314857
0 0.965345        0      3.8
0 0.414857 0.965345        0
0      3.8 0.514857 0.965345
0        0      3.8 0.614857
0 0.965345        0      3.8
