0 6.90754e-310 6.90754e-310 4.64792e-310
0 4.64792e-310 4.24399e-312 4.58351e-312
0 6.36599e-314 4.24399e-312 4.56229e-312
0 8.48798e-314 4.24399e-312 4.54107e-312
0   1.061e-313 4.24399e-312 4.49863e-312
0   1.061e-313 4.24399e-312 4.47741e-312
0  1.2732e-313 4.24399e-312 4.43497e-312
0  1.2732e-313 4.24399e-312 4.41375e-312
0  1.4854e-313 4.24399e-312 4.37131e-312
0  1.4854e-313 4.24399e-312 4.35009e-312
0 7.43707e-319 2.52962e-321 4.24399e-312
0 4.30765e-312  1.6976e-313 4.18033e-312
0 4.68961e-312 4.24399e-314 4.13789e-312
0 4.68961e-312 4.24399e-314 4.09545e-312
0 4.68961e-312 4.24399e-314 4.05301e-312
0 4.68961e-312 4.24399e-314 4.01057e-312
0 4.68961e-312 4.24399e-314 3.96813e-312
1      3.2 0.224036 0.957834
1      3.2 0.224036 0.957834
1      3.2 0.224036 0.957834
1      3.3 0.224036 0.957834
1      3.5 0.224036 0.957834
1      3.7 0.224036 0.957834
1      3.9 0.224036 0.957834
1      4.1 0.224036 0.957834
1      4.3 0.224036 0.957834
1      4.5 0.224036 0.957834
1      4.7 0.224036 0.957834
1      4.9 0.224036 0.957834
0 4.68961e-312   2.122e-314 3.96813e-312
0 4.66839e-312 4.24399e-314 4.41375e-312
0 4.64717e-312 7.46237e-319 2.52962e-321
0 4.41375e-312 4.62595e-312 4.24399e-314
0 4.39253e-312 4.60473e-312 6.36599e-314
0 4.39253e-312 4.58351e-312 6.36599e-314
0 4.37131e-312 4.56229e-312 8.48798e-314
0 4.37131e-312 4.54107e-312 8.48798e-314
0 4.35009e-312 4.51985e-312   1.061e-313
0 4.35009e-312 4.47741e-312   1.061e-313
0 4.32887e-312 4.47741e-312  1.2732e-313
