0 4.64792e-310            0     0.985108
0 4.64781e-310        -4.35     0.344982
0     0.985108 4.64781e-310        -4.35
0     0.444982     0.985108 4.64781e-310
0    -4.35 0.544982 0.985108
0 4.64781e-310        -4.35     0.644982
0     0.985108 4.64781e-310        -4.35
0     0.744982     0.985108 4.64781e-310
0    -4.35 0.844982 0.985108
1    -2.65 0.244982 0.985108
1    -2.65 0.244982 0.985108
1    -2.65 0.244982 0.985108
1    -2.65 0.244982 0.985108
1    -2.65 0.244982 0.985108
1    -2.75 0.244982 0.985108
1    -2.85 0.244982 0.985108
1    -3.05 0.244982 0.985108
1    -3.25 0.244982 0.985108
1    -3.45 0.244982 0.985108
1    -3.55 0.244982 0.985108
1    -3.75 0.244982 0.985108
1    -3.95 0.244982 0.985108
1    -4.05 0.244982 0.985108
1    -4.25 0.244982 0.985108
0    -4.25  1.04498 0.985108
0 4.64781e-310        -4.25      1.14498
0     0.985108 4.64781e-310        -4.15
0     0.244982     0.985108 4.64781e-310
0    -4.15 0.344982 0.985108
0 4.64781e-310        -4.15     0.444982
0     0.985108 4.64781e-310        -4.15
0     0.544982     0.985108 4.64781e-310
0    -4.15 0.644982 0.985108
0 4.64781e-310        -4.15     0.744982
0     0.985108 4.64781e-310        -4.15
0     0.844982     0.985108 4.64781e-310
0    -4.15 0.944982 0.985108
0 4.64781e-310        -4.15      1.04498
0     0.985108 4.64781e-310        -4.15
0      1.14498     0.985108 4.64781e-310
0    -4.05 0.244982 0.985108
0 4.64781e-310        -4.05     0.344982
0     0.985108 4.64781e-310      1.00129
