1 -0.948043  -3.93427   1.00086
1 -0.948043  -3.93427   1.00086
0    1.7442  0.314602 0.0868941
0   1.91212 0.0790056 0.0182389
0    1.98002  -0.125943 -0.0327532
0    1.98003  -0.300231 -0.0487395
0    1.98004  -0.443854 -0.0335295
0     1.98006   -0.556777 -0.00639645
0   1.98006  -0.43905 0.0126404
0   1.98005 -0.290633  0.015803
0    1.98005  -0.111542 0.00880033
0   2.01062 0.0982364  0.001673
0      2.02371     0.320592 -0.000488424
0     2.02849    0.539156 0.000807796
0    2.02916   0.741137 0.00196842
0   2.02566  0.914625 0.0014841
0     2.01099     1.04356 0.000173041
1  1.25196 -2.63427  1.00086
1  1.25196 -2.53427  1.00086
1  1.25196 -2.53427  1.00086
1  1.25196 -2.43427  1.00086
1  1.25196 -2.33427  1.00086
1  1.25196 -2.23427  1.00086
1  1.25196 -2.13427  1.00086
1  1.25196 -2.03427  1.00086
1  1.25196 -2.03427  1.00086
1  1.25196 -2.03427  1.00086
1  1.25196 -2.03427  1.00086
0     1.77966     1.33782 -0.00288905
0     1.77967     1.33783 -0.00294763
1  1.55196 -2.03427  1.00086
1  1.65196 -2.03427  1.00086
1  1.85196 -2.03427  1.00086
1  1.95196 -2.03427  1.00086
1  2.05196 -2.03427  1.00086
1  2.15196 -2.03427  1.00086
0    0.640917    0.708827 -0.00577393
