0 6.92826e-310 6.92826e-310 4.64585e-310
0 4.64585e-310  -9.8055e-09 -0.000686209
0  -0.0728308 6.04731e-09   -0.025161
0  -0.0201486 6.67771e-09  -0.0425331
0    0.0689155 -8.88509e-09    0.0450971
0    0.0345686 -7.03498e-09    0.0263722
0   0.0476027 6.72375e-09  -0.0208524
0    -0.11278 4.15085e-09   0.0414969
0    0.0464776 -4.40927e-09   -0.0585383
0  -0.0864562 2.47885e-09   0.0845682
0    0.069063 8.48105e-09   -0.115431
0   0.00702084 -4.85364e-09    0.0883768
0    0.0112753 -1.61585e-08   -0.0660005
0   -0.0119416 -3.22447e-09    0.0411675
0   0.0175313 1.56099e-08  -0.0611583
0  -0.0127826 1.58579e-08   0.0694414
0   0.00964589  5.00482e-09 6.79834e-320
0 3.39917e-321  4.12095e-07  4.37815e-06
0 -5.40133e-08  3.61523e-06  9.11294e-06
0 -1.11646e-07  5.53477e-06  1.14254e-05
0 -1.22675e-07  9.04504e-06  1.39286e-05
0 -8.17198e-08   6.9642e-06  1.66428e-05
0 -1.63252e-08  5.92881e-06  1.98125e-05
0 3.35499e-08 3.28203e-06 2.21325e-05
0 3.88335e-08 1.58921e-06 2.79666e-05
0 8.65819e-09 2.20298e-06 3.17471e-05
0 -1.78581e-08 -2.81782e-07  3.68127e-05
0 -1.75305e-08 -1.34441e-06   3.2768e-05
1       4     0.3 1.00493
1     4.1     0.3 1.00493
1     4.3     0.3 1.00493
1     4.5     0.3 1.00493
1     4.6     0.3 1.00493
1     4.8     0.3 1.00493
1     4.9     0.3 1.00493
1     4.9     0.3 1.00493
0 9.76628e-09 1.86055e-06 3.37235e-06
0 7.53665e-09 5.78117e-07 7.44662e-06
0 -1.65491e-09 -1.63209e-06  6.25234e-06
0 -1.38184e-08  -1.1247e-06   8.7257e-06
0 -2.00366e-08 -2.42063e-06  7.75818e-06
0 -8.06821e-09 -2.56621e-07  6.72003e-06
0 2.14339e-08 3.33771e-07 6.28905e-06
0 4.70491e-08 4.13262e-07 4.43127e-06
0  4.6529e-08 4.51739e-07 1.73673e-06
0  2.22832e-08 7.13826e-320 3.39917e-321
0    -0.184936    0.0248612 -1.19797e-07
0     0.164713     0.107865 -1.13206e-07
0    -0.121199    -0.051876 -1.71587e-08
0     0.143731   0.00448841 -5.59741e-09
